1259
1860
2831
650
7931
5864
574
7198
3425
1100
9574
4021
5833
2075
3511
3148
5366
6299
5824
1087
5083
2223
3903
7416
5792
3179
3796
201
8330
7449
3665
5599
1948
6148
18
2157
555
8267
1060
8393
4934
4805
770
2175
6249
2501
2167
4156
880
6628
4292
1772
4096
4705
8013
9185
246
3057
6813
9167
5111
4304
8569
9210
6247
3287
7490
2371
8116
8423
1786
8066
8821
1606
2155
5771
9123
3241
4684
4716
6066
8075
8700
4506
2755
4560
7214
6417
4851
5720
4469
8464
2786
9571
8549
1418
242
6467
7771
7272
749
119
8986
5064
1632
4224
9633
1880
8962
8138
834
8815
365
5380
3566
4159
9660
8318
4081
7149
8855
2412
457
2633
7566
3862
6754
997
3581
2185
5740
1581
867
2408
358
8097
3453
8878
2477
1174
4951
8805
5396
6328
7127
1720
4341
2101
4333
6907
1181
9154
7418
7458
7751
983
3951
7188
2953
9306
5349
2054
3136
7748
1099
7576
1057
9156
9980
2530
9381
6437
2363
6670
7869
3839
8877
7870
8188
1134
7489
9843
6845
2273
8338
5056
3610
2316
196
3292
1875
2327
630
656
2314
5576
350
9663
4297
586
6971
2713
1140
678
8648
2622
1403
1098
1504
2738
7312
6447
4585
3890
1372
4651
2515
9666
3742
7415
9133
6083
4512
192
1150
6808
8037
3505
484
2676
9650
3647
1450
831
2135
1211
7035
3438
5169
3300
9345
9417
458
3955
9693
3214
4990
3180
6862
8076
3409
5690
6627
5351
9272
4806
4408
3632
3882
648
3668
4459
1165
2249
4589
9001
9101
7692
6506
8298
6305
3700
9672
9352
8950
8150
9376
6029
7134
1427
1114
341
4863
6494
2777
2025
5924
1093
5593
8352
8514
9278
8886
4789
1551
420
6798
8602
8145
8083
1701
4962
4203
9944
3488
777
1942
234
26
4515
8774
4821
2074
2621
5409
7117
2170
1043
496
3411
3124
4930
1777
9979
8036
7439
2479
5935
6404
7121
5622
6193
893
1852
4386
3558
5498
1395
8399
2423
1028
7039
971
7701
5789
5626
4220
3946
8873
7953
1616
9232
6801
3898
7045
7249
8196
3570
6522
1877
8666
6779
8159
1521
9183
5550
2201
7578
6823
4236
7957
3539
7083
5750
3417
1025
3786
6797
3366
1878
7307
788
7002
6016
9350
6633
2069
7886
7581
2154
1431
5290
2366
9227
3720
2485
3262
7842
5414
3247
2150
2164
6371
7671
1653
8141
2373
4569
7518
1512
8503
6163
795
6267
2082
9543
8394
6345
8134
2928
1306
7269
9967
5887
8081
495
4112
7115
5368
6842
5958
4124
372
5909
4561
6052
9589
6583
3204
7975
4228
5741
3512
4083
5358
9400
4000
7500
3563
6100
4358
6793
3689
1888
9200
1070
333
8507
8065
8920
9335
4326
3745
1042
2629
2090
2824
6710
1533
8992
1317
8084
5542
3015
4650
9829
6741
6868
6864
7493
6551
9608
3207
8964
1300
9058
7600
644
6975
5491
7244
1812
1572
1954
247
1095
7087
3286
2783
2152
